0 0
0 1
1 1
1 2
1 3
0 3
0 4
0 5
0 6
0 7
1 7
1 6
2 6
3 6
3 5
2 5
1 5
1 4
2 4
2 3
2 2
3 2
3 1
4 1
4 2
5 2
6 2
6 1
7 1
7 0
8 0
8 1
8 2
8 3
7 3
7 4
6 4
6 5
6 6
6 7
6 8
7 8
7 7
8 7
8 8
8 9
8 10
9 10
10 10
11 10
11 11
10 11
10 12
10 13
11 13
11 14
11 15
11 16
12 16
13 16
14 16
15 16
16 16
16 17
17 17
17 16
17 15
16 15
15 15
14 15
14 14
13 14
12 14
12 13
12 12
13 12
14 12
14 11
14 10
15 10
15 11
15 12
15 13
15 14
16 14
17 14
18 14
18 13
19 13
19 12
19 11
20 11
20 10
21 10
22 10
22 11
23 11
23 10
23 9
24 9
24 8
24 7
24 6
25 6
26 6
26 5
26 4
26 3
27 3
27 2
28 2
28 1
29 1
29 0
30 0
31 0
31 1
31 2
32 2
33 2
33 3
33 4
32 4
31 4
31 5
32 5
33 5
34 5
34 6
33 6
32 6
32 7
31 7
31 6
30 6
30 7
29 7
29 8
30 8
31 8
31 9
32 9
32 10
32 11
31 11
31 10
30 10
30 11
30 12
30 13
29 13
28 13
28 14
27 14
27 15
28 15
29 15
29 16
30 16
30 15
31 15
31 16
32 16
32 15
33 15
33 14
32 14
31 14
31 13
31 12
32 12
32 13
33 13
34 13
34 14
34 15
34 16
33 16
33 17
32 17
32 18
33 18
34 18
34 19
33 19
33 20
34 20
34 21
33 21
33 22
34 22
